3
0 14 17
18 0 1
2 5 0
6
0 14 17 20 23 3
18 0 1 4 7 10
2 5 0 11 14 17
9 12 15 0 21 1
16 19 22 2 0 8
23 3 6 9 12 0
9
0 14 17 20 23 3 6 9 12
18 0 1 4 7 10 13 16 19
2 5 0 11 14 17 20 23 3
9 12 15 0 21 1 4 7 10
16 19 22 2 0 8 11 14 17
23 3 6 9 12 0 18 21 1
7 10 13 16 19 22 0 5 8
14 17 20 23 3 6 9 0 15
21 1 4 7 10 13 16 19 0
12
0 14 17 20 23 3 6 9 12 15 18 21
18 0 1 4 7 10 13 16 19 22 2 5
2 5 0 11 14 17 20 23 3 6 9 12
9 12 15 0 21 1 4 7 10 13 16 19
16 19 22 2 0 8 11 14 17 20 23 3
23 3 6 9 12 0 18 21 1 4 7 10
7 10 13 16 19 22 0 5 8 11 14 17
14 17 20 23 3 6 9 0 15 18 21 1
21 1 4 7 10 13 16 19 0 2 5 8
5 8 11 14 17 20 23 3 6 0 12 15
12 15 18 21 1 4 7 10 13 16 0 22
19 22 2 5 8 11 14 17 20 23 3 0
