9
0 14 17 20 23 3 6 9 12
18 0 1 4 7 10 13 16 19
2 5 0 11 14 17 20 23 3
9 12 15 0 21 1 4 7 10
16 19 22 2 0 8 11 14 17
23 3 6 9 12 0 18 21 1
7 10 13 16 19 22 0 5 8
14 17 20 23 3 6 9 0 15
21 1 4 7 10 13 16 19 0
9
0 14 17 20 23 3 6 9 12
18 0 1 4 7 10 13 16 19
2 5 0 11 14 17 20 23 3
9 12 15 0 21 1 4 7 10
16 19 22 2 0 8 11 14 17
23 3 6 9 12 0 18 21 1
7 10 13 16 19 22 0 5 8
14 17 20 23 3 6 9 0 15
21 1 4 7 10 13 16 19 0
9
0 14 17 20 23 3 6 9 12
18 0 1 4 7 10 13 16 19
2 5 0 11 14 17 20 23 3
9 12 15 0 21 1 4 7 10
16 19 22 2 0 8 11 14 17
23 3 6 9 12 0 18 21 1
7 10 13 16 19 22 0 5 8
14 17 20 23 3 6 9 0 15
21 1 4 7 10 13 16 19 0
