3
0 4 7
2 0 5
3 6 0
6
0 3 8 2 7 6
4 0 5 1 9 3
6 2 0 4 5 8
3 7 2 0 6 4
5 8 3 7 0 2
9 4 6 5 1 0
9
0 2 3 5 7 1 4 6 8
1 0 4 6 2 5 3 8 7
3 5 0 2 4 7 1 6 9
2 3 1 0 5 4 8 7 6
4 2 5 6 0 3 7 9 1
6 8 3 4 2 0 5 1 3
2 1 4 3 6 5 0 2 4
5 7 2 1 3 4 6 0 5
7 3 6 5 1 2 3 4 0
12
0 1 2 3 4 5 6 7 8 9 10 11
1 0 2 3 4 5 6 7 8 9 10 11
2 2 0 3 4 5 6 7 8 9 10 11
3 3 3 0 4 5 6 7 8 9 10 11
4 4 4 4 0 5 6 7 8 9 10 11
5 5 5 5 5 0 6 7 8 9 10 11
6 6 6 6 6 6 0 7 8 9 10 11
7 7 7 7 7 7 7 0 8 9 10 11
8 8 8 8 8 8 8 8 0 9 10 11
9 9 9 9 9 9 9 9 9 0 10 11
10 10 10 10 10 10 10 10 10 10 0 11
11 11 11 11 11 11 11 11 11 11 11 0
